              precision    recall  f1-score   support

     class_0       0.23      0.25      0.24        12
     class_1       0.12      0.17      0.14        12
     class_2       0.19      0.25      0.21        12
     class_3       0.20      0.17      0.18        12
     class_4       0.57      0.33      0.42        12
     class_5       0.11      0.08      0.10        12
     class_6       0.45      0.42      0.43        12
     class_7       0.23      0.42      0.29        12
     class_8       0.14      0.08      0.11        12
     class_9       0.05      0.08      0.06        12
    class_10       0.14      0.08      0.11        12
    class_11       0.40      0.50      0.44        12
    class_12       0.14      0.08      0.11        12
    class_13       0.27      0.25      0.26        12
    class_14       0.25      0.08      0.12        12
    class_15       0.18      0.17      0.17        12
    class_16       0.31      0.33      0.32        12
    class_17       0.11      0.08      0.10        12
    class_18       0.22      0.33      0.27        12
    class_19       0.07      0.08      0.08        12

    accuracy                           0.21       240
   macro avg       0.22      0.21      0.21       240
weighted avg       0.22      0.21      0.21       240
