              precision    recall  f1-score   support

     class_0       0.00      0.00      0.00         8
     class_1       0.14      0.12      0.13         8
     class_2       0.27      0.38      0.32         8
     class_3       0.00      0.00      0.00         8
     class_4       0.43      0.38      0.40         8
     class_5       0.25      0.25      0.25         8
     class_6       0.27      0.38      0.32         8
     class_7       0.25      0.38      0.30         8
     class_8       0.43      0.38      0.40         8
     class_9       0.33      0.25      0.29         8
    class_10       0.12      0.12      0.12         8
    class_11       0.22      0.25      0.24         8
    class_12       0.33      0.38      0.35         8
    class_13       0.22      0.25      0.24         8
    class_14       0.25      0.38      0.30         8
    class_15       0.45      0.62      0.53         8
    class_16       0.14      0.14      0.14         7
    class_17       0.00      0.00      0.00         7
    class_18       0.25      0.29      0.27         7
    class_19       0.12      0.29      0.17         7
    class_20       0.38      0.43      0.40         7
    class_21       0.29      0.29      0.29         7
    class_22       0.17      0.14      0.15         7
    class_23       0.50      0.14      0.22         7
    class_24       0.00      0.00      0.00         7
    class_25       0.17      0.14      0.15         7
    class_26       0.00      0.00      0.00         7
    class_27       0.17      0.14      0.15         7
    class_28       0.17      0.14      0.15         7
    class_29       0.00      0.00      0.00         7
    class_30       0.50      0.29      0.36         7
    class_31       0.00      0.00      0.00         7

    accuracy                           0.22       240
   macro avg       0.21      0.22      0.21       240
weighted avg       0.22      0.22      0.21       240
