              precision    recall  f1-score   support

     class_0       0.12      0.25      0.17         4
     class_1       0.20      0.25      0.22         4
     class_2       0.00      0.00      0.00         4
     class_3       0.25      0.25      0.25         4
     class_4       0.00      0.00      0.00         4
     class_5       0.20      0.25      0.22         4
     class_6       0.00      0.00      0.00         4
     class_7       0.00      0.00      0.00         4
     class_8       0.00      0.00      0.00         4
     class_9       0.14      0.25      0.18         4
    class_10       0.00      0.00      0.00         4
    class_11       0.25      0.25      0.25         4
    class_12       0.20      0.25      0.22         4
    class_13       0.00      0.00      0.00         4
    class_14       0.25      0.50      0.33         4
    class_15       0.14      0.25      0.18         4
    class_16       0.00      0.00      0.00         4
    class_17       0.17      0.25      0.20         4
    class_18       0.00      0.00      0.00         4
    class_19       0.00      0.00      0.00         4
    class_20       0.33      0.50      0.40         4
    class_21       0.17      0.25      0.20         4
    class_22       0.00      0.00      0.00         4
    class_23       0.00      0.00      0.00         4
    class_24       0.00      0.00      0.00         4
    class_25       0.33      0.25      0.29         4
    class_26       0.50      0.50      0.50         4
    class_27       1.00      0.25      0.40         4
    class_28       0.00      0.00      0.00         4
    class_29       0.00      0.00      0.00         4
    class_30       0.17      0.25      0.20         4
    class_31       0.00      0.00      0.00         4
    class_32       0.00      0.00      0.00         4
    class_33       0.14      0.25      0.18         4
    class_34       0.10      0.25      0.14         4
    class_35       0.33      0.25      0.29         4
    class_36       0.00      0.00      0.00         4
    class_37       0.20      0.25      0.22         4
    class_38       0.00      0.00      0.00         4
    class_39       0.12      0.25      0.17         4
    class_40       0.00      0.00      0.00         4
    class_41       0.14      0.25      0.18         4
    class_42       0.00      0.00      0.00         4
    class_43       0.00      0.00      0.00         4
    class_44       0.00      0.00      0.00         4
    class_45       0.17      0.25      0.20         4
    class_46       0.00      0.00      0.00         4
    class_47       0.50      0.25      0.33         4
    class_48       0.20      0.33      0.25         3
    class_49       0.17      0.33      0.22         3
    class_50       0.00      0.00      0.00         3
    class_51       0.40      0.67      0.50         3
    class_52       0.20      0.33      0.25         3
    class_53       0.00      0.00      0.00         3
    class_54       0.00      0.00      0.00         3
    class_55       0.20      0.33      0.25         3
    class_56       0.00      0.00      0.00         3
    class_57       0.00      0.00      0.00         3
    class_58       0.17      0.33      0.22         3
    class_59       0.00      0.00      0.00         3
    class_60       1.00      0.33      0.50         3
    class_61       0.20      0.33      0.25         3
    class_62       0.00      0.00      0.00         3
    class_63       0.00      0.00      0.00         3

    accuracy                           0.15       240
   macro avg       0.14      0.15      0.13       240
weighted avg       0.13      0.15      0.13       240
